0
1
10
100
1000
1001
1004
1005
1007
1008
101
1011
1015
1017
1018
1019
102
1020
1029
103
1033
1036
104
1040
1045
1047
105
1050
1051
1053
1054
1056
1058
1059
106
1060
107
1074
108
1080
1084
10854
1086
1088
109
1093
1095
1099
11
110
1100
1101
1102
1104
1106
1108
1109
111
1113
1115
1116
1119
112
1123
1126
113
1134
1137
114
1140
1141
1145
1149
115
1151
1156
116
1160
1161
1163
1168
117
1172
1175
1178
118
1182
1184
1186
119
1190
1193
1194
1197
12
120
1201
1202
1204
1205
1209
121
1210
1213
122
1222
1224
123
1230
1231
1237
124
1248
125
1252
1255
1256
126
1266
1267
127
1270
1272
1277
1279
128
1282
1283
1289
129
1293
1296
1297
13
130
1303
1306
1308
131
1317
132
1320
1323
133
1331
1333
1335
134
1346
1348
1349
135
1355
136
1367
137
1379
138
1382
1385
1386
1389
139
1392
14
140
1407
141
1415
1416
1418
142
1425
1426
1427
143
1430
1438
144
1440
1445
145
1456
146
1461
1463
1469
147
1470
1473
148
1482
149
1490
1491
1494
1498
15
150
1502
1504
1505
1506
151
1510
1512
1515
1516
152
1521
1522
1525
1526
1527
153
1530
1535
1537
1539
154
1541
1542
1547
1549
155
1555
156
1562
1566
157
1573
158
1583
1585
1586
159
1590
1591
1596
1598
16
160
1603
1605
161
1610
162
16249
1625
1626
163
1630
1638
164
165
1650
1658
166
1662
1663
167
1675
1677
168
1682
1684
169
1692
1698
17
170
1701
1706
171
172
1721
1723
1727
173
1736
174
1740
175
1756
176
1761
1769
177
178
1782
1789
179
1791
18
180
1801
1807
181
1810
1812
1814
1817
182
1826
183
184
185
1852
186
1862
187
1871
1873
1879
188
189
1895
1897
19
190
191
1918
192
1920
193
1939
194
1942
1947
195
1951
1957
1959
196
197
198
1982
1987
199
1991
1995
2
20
200
201
2016
2018
202
203
204
2048
205
2051
206
207
208
209
2098
21
210
2108
2109
211
2119
212
2120
2127
213
214
215
216
217
2170
2179
218
219
22
220
221
2217
222
2225
223
2238
224
225
226
227
228
2284
229
2294
2296
23
230
2302
2307
231
232
2320
233
234
2341
2347
235
236
237
2373
238
2389
239
24
240
2400
2401
241
2414
242
243
2434
244
2452
246
247
2478
248
249
2493
25
251
2516
2519
252
253
254
2548
255
256
257
258
259
26
260
2602
261
262
263
264
265
266
267
2673
2675
268
269
27
270
271
2712
2713
272
274
2749
275
276
277
279
2793
2797
28
280
2800
281
282
2829
283
284
285
2856
286
287
288
2887
289
29
290
2908
2912
2913
2916
2918
292
293
2933
2934
294
295
2951
2957
296
2968
297
298
2989
299
3
30
300
301
302
303
304
305
306
307
3074
308
31
310
311
3116
312
313
314
3147
315
316
317
3177
318
319
32
320
321
322
323
324
325
326
327
3285
33
331
332
3329
333
334
3341
335
336
3366
3369
337
338
339
34
340
341
342
343
3438
344
345
346
347
348
349
3491
35
350
352
353
354
3549
355
3550
356
357
358
359
3599
36
360
361
362
363
3630
364
365
366
367
368
3683
369
37
370
371
372
373
3732
374
375
377
3776
378
379
38
380
381
382
383
384
386
387
388
389
39
390
391
392
394
395
397
398
399
4
40
400
402
403
404
405
4061
407
408
41
412
413
414
415
416
4166
417
418
419
42
420
421
422
423
424
425
426
4266
427
429
43
430
433
434
435
437
44
440
441
442
443
444
4448
445
4455
446
449
45
451
4537
454
456
457
459
46
460
461
462
464
465
466
467
468
469
47
470
471
473
474
475
476
477
478
48
480
481
483
484
487
488
489
49
492
493
494
495
497
498
499
5
50
500
501
502
504
505
507
509
51
511
513
514
5141
515
516
52
520
521
523
524
526
528
529
53
530
532
533
534
535
536
537
538
539
54
541
543
546
547
548
549
55
550
551
5510
552
554
558
5585
559
56
560
564
565
566
568
57
572
573
574
5747
575
577
578
579
58
581
582
585
587
588
5887
59
591
592
593
597
598
5987
6
60
600
601
603
604
605
606
607
61
610
611
612
615
6181
62
621
622
6230
624
625
626
627
63
633
636
637
639
64
640
641
642
643
644
647
649
65
650
651
652
653
654
655
657
658
659
66
661
662
669
6697
67
670
6702
675
677
678
679
68
680
683
684
687
6888
69
691
693
694
696
7
70
705
708
71
710
717
719
72
720
723
724
725
727
728
73
731
733
737
738
74
740
741
743
744
745
746
748
749
75
750
751
752
753
754
755
756
76
760
761
764
766
767
768
769
77
770
771
772
773
775
777
779
78
786
787
79
790
791
793
794
796
797
798
799
8
80
800
8011
802
804
805
806
81
813
815
818
819
82
821
822
823
824
825
826
828
829
83
831
836
838
839
84
840
845
849
85
850
855
857
858
859
86
861
863
864
865
867
87
870
872
873
875
876
877
88
881
8828
883
887
889
89
890
892
8931
896
9
90
905
909
91
910
911
916
92
922
924
